      0.000000       0.000000       0.000000       0.000000       0.000000       0.000000       9.030762     -0.7646484     -0.3383789       178.0444      -1.406250       91.07666

      16.00000       0.000000       0.000000       0.000000       0.000000       0.000000       9.030762     -0.7646484     -0.3383789       178.0444      -1.406250       91.07666

      18.00000       0.000000       0.000000       0.000000       0.000000       0.000000       9.030762     -0.7646484     -0.3383789       178.0444      -1.406250       91.07666

      20.00000       0.000000       0.000000       0.000000       0.000000       0.000000       9.030762     -0.7646484     -0.3383789       178.0444      -1.406250       91.07666

      22.00000       0.000000       0.000000       0.000000       0.000000       0.000000       9.030762     -0.7646484     -0.3383789       178.0444      -1.406250       91.07666

      24.00000       0.000000       0.000000       0.000000       0.000000       0.000000       9.030762     -0.7646484     -0.3383789       178.0444      -1.406250       91.07666

      26.00000       0.000000       0.000000       0.000000       0.000000       0.000000       9.030762     -0.7646484     -0.3383789       178.0444      -1.406250       91.07666

      28.00000       0.000000       0.000000       0.000000       0.000000       0.000000       9.030762     -0.7646484     -0.3383789       178.0444      -1.406250       91.07666

      30.00000       0.000000       0.000000       0.000000       0.000000       0.000000       9.030762     -0.7646484     -0.3383789       178.0444      -1.406250       91.07666

      32.00000       0.000000       0.000000       0.000000       0.000000       0.000000       9.030762     -0.7646484     -0.3383789       178.0444      -1.406250       91.07666

      34.00000       0.000000       0.000000       0.000000       0.000000       0.000000       9.030762     -0.7646484     -0.3383789       178.0444      -1.406250       91.07666

      36.00000       0.000000       0.000000       0.000000       0.000000       0.000000       9.030762     -0.7646484     -0.3383789       178.0444      -1.406250       91.07666

      38.00000       0.000000       0.000000       0.000000       0.000000       0.000000       9.030762     -0.7646484     -0.3383789       178.0444      -1.406250       91.07666

      40.00000       0.000000       0.000000       0.000000       0.000000       0.000000       9.030762     -0.7646484     -0.3383789       178.0444      -1.406250       91.07666

      42.00000       0.000000       0.000000       0.000000       0.000000       0.000000       9.030762     -0.7646484     -0.3383789       178.0444      -1.406250       91.07666

      44.00000       0.000000       0.000000       0.000000       0.000000       0.000000       9.030762     -0.7646484     -0.3383789       178.0444      -1.406250       91.07666

      46.00000       0.000000       0.000000       0.000000       0.000000       0.000000       9.030762     -0.7646484     -0.3383789       178.0444      -1.406250       91.07666

      48.00000       0.000000       0.000000       0.000000       0.000000       0.000000       9.030762     -0.7646484     -0.3339844       178.0444      -1.406250       91.07666

      50.00000       0.000000       0.000000       0.000000       0.000000       0.000000       9.030762     -0.7646484     -0.3383789       178.0444      -1.406250       91.07666

      52.00000       0.000000       0.000000       0.000000       0.000000       0.000000       9.030762     -0.7646484     -0.3383789       178.0444      -1.406250       91.07666

      54.00000       0.000000       0.000000       0.000000       0.000000       0.000000       9.030762     -0.7646484     -0.3383789       178.0444      -1.406250       91.07666

      56.00000       0.000000       0.000000       0.000000       0.000000       0.000000       9.030762     -0.7646484     -0.3383789       178.0444      -1.406250       91.07666

      58.00000       0.000000       0.000000       0.000000       0.000000       0.000000       9.030762     -0.7646484     -0.3383789       178.0444      -1.406250       91.07666

      60.00000       0.000000       0.000000       0.000000       0.000000       0.000000       9.030762     -0.7646484     -0.3383789       178.0444      -1.406250       91.07666

      62.00000       0.000000       0.000000       0.000000       0.000000       0.000000       9.030762     -0.7646484     -0.3339844       178.0444      -1.406250       91.07666

      64.00000       0.000000       0.000000       0.000000       0.000000       0.000000       9.030762     -0.7646484     -0.3383789       178.0444      -1.406250       91.07666

      66.00000       0.000000       0.000000       0.000000       0.000000       0.000000       9.030762     -0.7646484     -0.3383789       178.0444      -1.406250       91.07666

      68.00000       0.000000       0.000000       0.000000       0.000000       0.000000       9.030762     -0.7646484     -0.3339844       178.0444      -1.406250       91.07666

      70.00000       0.000000       0.000000       0.000000       0.000000       0.000000       9.030762     -0.7646484     -0.3383789       178.0444      -1.406250       91.07666

      72.00000       0.000000       0.000000       0.000000       0.000000       0.000000       9.030762     -0.7646484     -0.3339844       178.0444      -1.406250       91.07666

      74.00000       0.000000       0.000000       0.000000       0.000000       0.000000       9.030762     -0.7646484     -0.3383789       178.0444      -1.406250       91.07666

      76.00000       0.000000       0.000000       0.000000       0.000000       0.000000       9.030762     -0.7646484     -0.3339844       178.0444      -1.406250       91.07666

      78.00000       0.000000       0.000000       0.000000       0.000000       0.000000       9.030762     -0.7646484     -0.3383789       178.0444      -1.406250       91.07666

      80.00000       0.000000       0.000000       0.000000       0.000000       0.000000       9.030762     -0.7646484     -0.3339844       178.0444      -1.406250       91.07666

      82.00000       0.000000       0.000000       0.000000       0.000000       0.000000       9.030762     -0.7646484     -0.3383789       178.0444      -1.406250       91.07666

      84.00000       0.000000       0.000000       0.000000       0.000000       0.000000       9.030762     -0.7646484     -0.3339844       178.0444      -1.406250       91.07666

      86.00000       0.000000       0.000000       0.000000       0.000000       0.000000       9.030762     -0.7646484     -0.3383789       178.0444      -1.406250       91.07666

      88.00000       0.000000       0.000000       0.000000       0.000000       0.000000       9.030762     -0.7646484     -0.3339844       178.0444      -1.406250       91.07666

      90.00000       0.000000       0.000000       0.000000       0.000000       0.000000       9.030762     -0.7646484     -0.3383789       178.0444      -1.406250       91.07666

      92.00000       0.000000       0.000000       0.000000       0.000000       0.000000       9.030762     -0.7646484     -0.3383789       178.0444      -1.406250       91.07666

      94.00000       0.000000       0.000000       0.000000       0.000000       0.000000       9.030762     -0.7646484     -0.3383789       178.0444      -1.406250       91.07666

      96.00000       0.000000       0.000000       0.000000       0.000000       0.000000       9.030762     -0.7646484     -0.3383789       178.0444      -1.406250       91.07666

      98.00000       0.000000       0.000000       0.000000       0.000000       0.000000       9.030762     -0.7646484     -0.3383789       178.0444      -1.406250       91.07666

      100.0000       0.000000       0.000000       0.000000       0.000000       0.000000       9.030762     -0.7646484     -0.3339844       178.0444      -1.406250       91.07666

      0.000000       0.000000       0.000000       0.000000       0.000000       0.000000       9.030762     -0.7646484     -0.3383789       178.0444      -1.406250       91.07666

